# basic matrix
================
3 3
1 2 3
4 5 6
7 8 9
----------------------------
# matrix     index numbers
----------------------------
1 2 3        00 01 02
4 5 6        10 11 12 
7 8 9        20 21 22 
-----------------------------
# Every matrix Element has 2 index numbers => row_index, column_index
-----------------------------
# matrix Rotation
# clockwise
=============================
# degrees => 0
---------------
1 2 3    00 01 02 
4 5 6    10 11 12 
7 8 9    20 21 22
---------------------------
# degrees => 90
----------------
7 4 1    20 10 00
8 5 2    21 11 01
9 6 3    22 12 02
---------------------------
# degrees => 180
-----------------
9 8 7   22 21 20
6 5 4   12 11 10
3 2 1   02 01 00
--------------------------
# degrees => 270
-----------------
3 6 9   02 12 22
2 5 8   01 11 21
1 4 7   00 10 20
-------------------------
# degrees => 360
-----------------
1 2 3   00 01 02
4 5 6   10 11 12
7 8 0   20 21 22
#=======================#