
#======================#
Input :
#----------------------#
3 3
1 2 3 
4 5 6 
7 8 9 
#-------------------------------#
matrix     index_numbers
#-------------------------------#
1 2 3       00 01 02      0 1 2
4 5 6       10 11 12      1 2 3
7 8 9       20 21 22      2 3 4
#-------------------------------#
principal diagonal
#-------------------------------#
1          00          0
5          11          2
9          22          4
#-------------------------------#
secondary diagonal 
#-------------------------------#
3         02           2
5         11           2
7         20           2
#-------------------------------#
diagonal items
#-------------------------------#
1        00            0
3        02            2
5        11            2
7        20            2
9        22            4
#-------------------------------#
Anti diagonal rows
#-------------------------------#
1          00          0
2 4        01 10       1
3 5 7      02 11 20    2
6 8        12 21       3
9          22          4
#===============================#




