matrix parts :
================================
3 4
1 2  3  4
5 6  7  8
9 10 11 12
================================ 
matrix          index numbers
1 2  3  4        00 01 02 03
5 6  7  8        10 11 12 13 
9 10 11 12       20 21 22 23
================================
1 2  3  4 
5 6  7  8 
9 10 11 12
-------------
2  3  4 
6  7  8 
10 11 12
-------------
3  4 
7  8 
11 12
-------------
4 
8 
12
-------------
5 6  7  8 
9 10 11 12
-------------
6  7  8 
10 11 12
-------------
7  8
11 12
-------------
8
12
-------------
9 10 11 12
------------
10 11 12
------------
11 12
------------
12
=============================
[1]
[1, 2]
[1, 2, 3]
[1, 2, 3, 4]
[1, 5]
[1, 2, 5, 6]
[1, 2, 3, 5, 6, 7]
[1, 2, 3, 4, 5, 6, 7, 8]
[1, 5, 9]
[1, 2, 5, 6, 9, 10]
[1, 2, 3, 5, 6, 7, 9, 10, 11]
[1, 2, 3, 4, 5, 6, 7, 8, 9, 10, 11, 12]
-------------
[2]
[2, 3]
[2, 3, 4]
[2, 6]
[2, 3, 6, 7]
[2, 3, 4, 6, 7, 8]
[2, 6, 10]
[2, 3, 6, 7, 10, 11]
[2, 3, 4, 6, 7, 8, 10, 11, 12]
-------------
[3]
[3, 4]
[3, 7]
[3, 4, 7, 8]
[3, 7, 11]
[3, 4, 7, 8, 11, 12]
-------------
[4]
[4, 8]
[4, 8, 12]
-------------
[5]
[5, 6]
[5, 6, 7]
[5, 6, 7, 8]
[5, 9]
[5, 6, 9, 10]
[5, 6, 7, 9, 10, 11]
[5, 6, 7, 8, 9, 10, 11, 12]
-------------
[6]
[6, 7]
[6, 7, 8]
[6, 10]
[6, 7, 10, 11]
[6, 7, 8, 10, 11, 12]
-------------
[7]
[7, 8]
[7, 11]
[7, 8, 11, 12]
-------------
[8]
[8, 12]
-------------
[9]
[9, 10]
[9, 10, 11]
[9, 10, 11, 12]
-------------
[10]
[10, 11]
[10, 11, 12]
-------------
[11]
[11, 12]
-------------
[12]
-------------
===================================
